[gd_scene load_steps=5 format=3 uid="uid://cry3kqpb8cvim"]

[sub_resource type="CompressedTexture2D" id="CompressedTexture2D_5umwj"]
load_path = "res://.godot/imported/kloppenheim_03_4k.hdr-9393188a22828feb8b70131e4dd3d668.bptc.ctex"

[sub_resource type="PanoramaSkyMaterial" id="PanoramaSkyMaterial_i00vh"]
panorama = SubResource("CompressedTexture2D_5umwj")

[sub_resource type="Sky" id="1"]
sky_material = SubResource("PanoramaSkyMaterial_i00vh")

[sub_resource type="Environment" id="Environment_gx6lk"]
background_mode = 2
sky = SubResource("1")
sky_custom_fov = 70.0
ambient_light_color = Color(1, 1, 1, 1)
ambient_light_sky_contribution = 0.2
reflected_light_source = 1
tonemap_mode = 3
tonemap_white = 4.0
ssao_enabled = true
ssil_enabled = true
adjustment_enabled = true
adjustment_saturation = 1.1

[node name="tile_cam" type="Node3D"]

[node name="pivot" type="Node3D" parent="."]
transform = Transform3D(0.707107, 0, 0.707107, 0, 1, 0, -0.707107, 0, 0.707107, 0, 0, 0)

[node name="arm" type="Node3D" parent="pivot"]
transform = Transform3D(1, 0, 0, 0, 0.866025, 0.5, 0, -0.5, 0.866025, 0, 0, 0)

[node name="lens" type="Camera3D" parent="pivot/arm"]
transform = Transform3D(1, 0, 0, 0, 1, 0, 0, 0, 1, 0, 0, 20)
projection = 1
size = 20.0

[node name="WorldEnvironment" type="WorldEnvironment" parent="."]
environment = SubResource("Environment_gx6lk")

[node name="DirectionalLight3D" type="DirectionalLight3D" parent="."]
transform = Transform3D(1, 0, 0, 0, 0.707107, 0.707107, 0, -0.707107, 0.707107, 0, 50, 50)
